random_seed =  12840
             X_trainval  X_test
N. sanmples         684     456
N.features         2352    2352
            Numero PC  % Varianza Tot. Spiegata
X_trainval         28                  0.794949
MLPClassifier(batch_size=4, early_stopping=True,
              hidden_layer_sizes=[150, 300, 300, 150], max_iter=5000,
              n_iter_no_change=300, random_state=12840,
              validation_fraction=0.25)
               Accuracy  Precision    Recall        F1
train. + val.  0.951754   0.952825  0.951754  0.951958
test           0.780702   0.782910  0.780702  0.780213
                   Colin Powell  Donald Rumsfeld  George W Bush  Gerhard Schroeder  Tony Blair
Colin Powell                 68                5              8                  1           3
Donald Rumsfeld               2               30              8                  1           3
George W Bush                 5                8            197                  5           5
Gerhard Schroeder             1                2              5                 23          17
Tony Blair                    2                5              6                  8          38
                   Colin Powell  Donald Rumsfeld  George W Bush  Gerhard Schroeder  Tony Blair
Colin Powell           0.800000         0.058824       0.094118           0.011765    0.035294
Donald Rumsfeld        0.045455         0.681818       0.181818           0.022727    0.068182
George W Bush          0.022727         0.036364       0.895455           0.022727    0.022727
Gerhard Schroeder      0.020833         0.041667       0.104167           0.479167    0.354167
Tony Blair             0.033898         0.084746       0.101695           0.135593    0.644068
                   Colin Powell  Donald Rumsfeld  George W Bush  Gerhard Schroeder  Tony Blair
Colin Powell           0.871795             0.10       0.035714           0.026316    0.045455
Donald Rumsfeld        0.025641             0.60       0.035714           0.026316    0.045455
George W Bush          0.064103             0.16       0.879464           0.131579    0.075758
Gerhard Schroeder      0.012821             0.04       0.022321           0.605263    0.257576
Tony Blair             0.025641             0.10       0.026786           0.210526    0.575758


random_seed =  32716
             X_trainval  X_test
N. sanmples         684     456
N.features         2352    2352
            Numero PC  % Varianza Tot. Spiegata
X_trainval         28                  0.792459
MLPClassifier(batch_size=4, early_stopping=True,
              hidden_layer_sizes=[200, 400, 300, 150], max_iter=5000,
              n_iter_no_change=300, random_state=32716,
              validation_fraction=0.25)
               Accuracy  Precision    Recall        F1
train. + val.  0.953216   0.954525  0.953216  0.953174
test           0.785088   0.781795  0.785088  0.776679
                   Colin Powell  Donald Rumsfeld  George W Bush  Gerhard Schroeder  Tony Blair
Colin Powell                 81                0              6                  1           0
Donald Rumsfeld               7               28             15                  3           0
George W Bush                 5                4            189                  4           4
Gerhard Schroeder             4                0              5                 20          11
Tony Blair                    5                2             11                 11          40
                   Colin Powell  Donald Rumsfeld  George W Bush  Gerhard Schroeder  Tony Blair
Colin Powell           0.920455         0.000000       0.068182           0.011364    0.000000
Donald Rumsfeld        0.132075         0.528302       0.283019           0.056604    0.000000
George W Bush          0.024272         0.019417       0.917476           0.019417    0.019417
Gerhard Schroeder      0.100000         0.000000       0.125000           0.500000    0.275000
Tony Blair             0.072464         0.028986       0.159420           0.159420    0.579710
                   Colin Powell  Donald Rumsfeld  George W Bush  Gerhard Schroeder  Tony Blair
Colin Powell           0.794118         0.000000       0.026549           0.025641    0.000000
Donald Rumsfeld        0.068627         0.823529       0.066372           0.076923    0.000000
George W Bush          0.049020         0.117647       0.836283           0.102564    0.072727
Gerhard Schroeder      0.039216         0.000000       0.022124           0.512821    0.200000
Tony Blair             0.049020         0.058824       0.048673           0.282051    0.727273


random_seed =  46879
             X_trainval  X_test
N. sanmples         684     456
N.features         2352    2352
            Numero PC  % Varianza Tot. Spiegata
X_trainval         28                  0.797897
MLPClassifier(batch_size=4, early_stopping=True,
              hidden_layer_sizes=[200, 500, 400, 150], max_iter=5000,
              n_iter_no_change=300, random_state=46879,
              validation_fraction=0.25)
               Accuracy  Precision    Recall        F1
train. + val.  0.951754   0.953831  0.951754  0.952334
test           0.791667   0.800136  0.791667  0.794637
                   Colin Powell  Donald Rumsfeld  George W Bush  Gerhard Schroeder  Tony Blair
Colin Powell                 80                1              5                  3           8
Donald Rumsfeld               3               32              2                  3           3
George W Bush                12                7            184                  2           9
Gerhard Schroeder             1                3              4                 20          11
Tony Blair                    1                2              6                  9          45
                   Colin Powell  Donald Rumsfeld  George W Bush  Gerhard Schroeder  Tony Blair
Colin Powell           0.824742         0.010309       0.051546           0.030928    0.082474
Donald Rumsfeld        0.069767         0.744186       0.046512           0.069767    0.069767
George W Bush          0.056075         0.032710       0.859813           0.009346    0.042056
Gerhard Schroeder      0.025641         0.076923       0.102564           0.512821    0.282051
Tony Blair             0.015873         0.031746       0.095238           0.142857    0.714286
                   Colin Powell  Donald Rumsfeld  George W Bush  Gerhard Schroeder  Tony Blair
Colin Powell           0.824742         0.022222       0.024876           0.081081    0.105263
Donald Rumsfeld        0.030928         0.711111       0.009950           0.081081    0.039474
George W Bush          0.123711         0.155556       0.915423           0.054054    0.118421
Gerhard Schroeder      0.010309         0.066667       0.019900           0.540541    0.144737
Tony Blair             0.010309         0.044444       0.029851           0.243243    0.592105


random_seed =  26512
             X_trainval  X_test
N. sanmples         684     456
N.features         2352    2352
            Numero PC  % Varianza Tot. Spiegata
X_trainval         31                  0.802679
MLPClassifier(batch_size=4, early_stopping=True,
              hidden_layer_sizes=[200, 500, 400, 150], max_iter=5000,
              n_iter_no_change=300, random_state=26512,
              validation_fraction=0.25)
               Accuracy  Precision    Recall        F1
train. + val.  0.957602   0.957798  0.957602  0.957520
test           0.728070   0.724041  0.728070  0.723867
                   Colin Powell  Donald Rumsfeld  George W Bush  Gerhard Schroeder  Tony Blair
Colin Powell                 67                3             12                  2           2
Donald Rumsfeld               5               24             16                  2           4
George W Bush                 6                8            178                  4          13
Gerhard Schroeder             3                1              6                 23          13
Tony Blair                    4                5             10                  5          40
                   Colin Powell  Donald Rumsfeld  George W Bush  Gerhard Schroeder  Tony Blair
Colin Powell           0.779070         0.034884       0.139535           0.023256    0.023256
Donald Rumsfeld        0.098039         0.470588       0.313725           0.039216    0.078431
George W Bush          0.028708         0.038278       0.851675           0.019139    0.062201
Gerhard Schroeder      0.065217         0.021739       0.130435           0.500000    0.282609
Tony Blair             0.062500         0.078125       0.156250           0.078125    0.625000
                   Colin Powell  Donald Rumsfeld  George W Bush  Gerhard Schroeder  Tony Blair
Colin Powell           0.788235         0.073171       0.054054           0.055556    0.027778
Donald Rumsfeld        0.058824         0.585366       0.072072           0.055556    0.055556
George W Bush          0.070588         0.195122       0.801802           0.111111    0.180556
Gerhard Schroeder      0.035294         0.024390       0.027027           0.638889    0.180556
Tony Blair             0.047059         0.121951       0.045045           0.138889    0.555556


random_seed =  26262
             X_trainval  X_test
N. sanmples         684     456
N.features         2352    2352
            Numero PC  % Varianza Tot. Spiegata
X_trainval         22                  0.755094
MLPClassifier(batch_size=4, early_stopping=True,
              hidden_layer_sizes=[200, 500, 400, 150], max_iter=5000,
              n_iter_no_change=300, random_state=26262,
              validation_fraction=0.25)
               Accuracy  Precision    Recall        F1
train. + val.  0.904971   0.904220  0.904971  0.904031
test           0.743421   0.734557  0.743421  0.733991
                   Colin Powell  Donald Rumsfeld  George W Bush  Gerhard Schroeder  Tony Blair
Colin Powell                 72                3             19                  3           1
Donald Rumsfeld               4               34             11                  3           2
George W Bush                 7                6            187                  2           1
Gerhard Schroeder             2                2             13                 19          11
Tony Blair                    2                4             10                 11          27
                   Colin Powell  Donald Rumsfeld  George W Bush  Gerhard Schroeder  Tony Blair
Colin Powell           0.734694         0.030612       0.193878           0.030612    0.010204
Donald Rumsfeld        0.074074         0.629630       0.203704           0.055556    0.037037
George W Bush          0.034483         0.029557       0.921182           0.009852    0.004926
Gerhard Schroeder      0.042553         0.042553       0.276596           0.404255    0.234043
Tony Blair             0.037037         0.074074       0.185185           0.203704    0.500000
                   Colin Powell  Donald Rumsfeld  George W Bush  Gerhard Schroeder  Tony Blair
Colin Powell           0.827586         0.061224       0.079167           0.078947    0.023810
Donald Rumsfeld        0.045977         0.693878       0.045833           0.078947    0.047619
George W Bush          0.080460         0.122449       0.779167           0.052632    0.023810
Gerhard Schroeder      0.022989         0.040816       0.054167           0.500000    0.261905
Tony Blair             0.022989         0.081633       0.041667           0.289474    0.642857


random_seed =  6545
             X_trainval  X_test
N. sanmples         684     456
N.features         2352    2352
            Numero PC  % Varianza Tot. Spiegata
X_trainval         21                  0.754208
MLPClassifier(batch_size=4, early_stopping=True,
              hidden_layer_sizes=[200, 500, 400, 150], max_iter=5000,
              n_iter_no_change=300, random_state=6545,
              validation_fraction=0.25)
               Accuracy  Precision    Recall       F1
train. + val.  0.989776   0.989831  0.989776  0.98977
test           0.677632   0.683453  0.677632  0.67849
                   Colin Powell  Donald Rumsfeld  George W Bush  Gerhard Schroeder  Tony Blair
Colin Powell                 75                3             13                  2           3
Donald Rumsfeld               8               22              7                  1           2
George W Bush                14               19            167                 10           7
Gerhard Schroeder             0                2             11                 18           9
Tony Blair                    3                3             14                 16          27
                   Colin Powell  Donald Rumsfeld  George W Bush  Gerhard Schroeder  Tony Blair
Colin Powell           0.781250         0.031250       0.135417           0.020833    0.031250
Donald Rumsfeld        0.200000         0.550000       0.175000           0.025000    0.050000
George W Bush          0.064516         0.087558       0.769585           0.046083    0.032258
Gerhard Schroeder      0.000000         0.050000       0.275000           0.450000    0.225000
Tony Blair             0.047619         0.047619       0.222222           0.253968    0.428571
                   Colin Powell  Donald Rumsfeld  George W Bush  Gerhard Schroeder  Tony Blair
Colin Powell               0.75         0.061224       0.061321           0.042553    0.062500
Donald Rumsfeld            0.08         0.448980       0.033019           0.021277    0.041667
George W Bush              0.14         0.387755       0.787736           0.212766    0.145833
Gerhard Schroeder          0.00         0.040816       0.051887           0.382979    0.187500
Tony Blair                 0.03         0.061224       0.066038           0.340426    0.562500


